
int ShapeL1[18] = {
	211, 1082,
	198, 1105,
	97, 1053,
	82, 1027,
	85, 987,
	99, 1015,
	130, 1036,
	187, 1067,
	210, 1081
};

int ShapeR1[18] = {
	395, 1081,
	407, 1107,
	510, 1057,
	526, 1028,
	527, 997,
	520, 987,
	507, 1015,
	483, 1033,
	395, 1081
};

int ShapeR2[12] = {
	408, 980,
	464, 879,
	480, 883,
	476, 958,
	419, 988,
	408, 981
};

int ShapeL2[12] = {
	135, 958,
	129, 885,
	143, 879,
	201, 978,
	192, 987,
	135, 958
};

int SpinTube[42] = {
	124, 832,
	124, 708,
	115, 690,
	96, 665,
	93, 277,
	91, 153,
	98, 116,
	120, 85,
	135, 79,
	157, 75,
	175, 79,
	196, 92,
	203, 113,
	207, 128,
	181, 158,
	185, 177,
	174, 165,
	135, 123,
	103, 130,
	133, 205,
	95, 292
};

int StartTube[12] = {
	563, 1075,
	564, 876,
	560, 852,
	545, 823,
	528, 798,
	507, 784
};